0 0.0999 0.1984 0.2919 0.3744 0.4375 0.4704 0.4599 0.3904 0.2439 0 
-0.09 0.0175278 0.115879 0.206801 0.285156 0.342591 0.368239 0.349056 0.271026 0.125749 -0.161828 
-0.16 -0.0460933 0.052907 0.141582 0.215893 0.26772 0.286253 0.258776 0.172529 0.0200549 -0.303656 
-0.21 -0.0906094 0.0094545 0.0961943 0.166596 0.2129 0.224451 0.188854 0.0937971 -0.0705784 -0.425485 
-0.24 -0.115788 -0.0144606 0.0706078 0.137252 0.178132 0.182801 0.139066 0.0343529 -0.144544 -0.527313 
-0.25 -0.121471 -0.0188022 0.0648067 0.127847 0.163403 0.161249 0.109228 -0.00596918 -0.200827 -0.609141 
-0.24 -0.10755 -0.00352863 0.0787856 0.138367 0.168694 0.159731 0.0992066 -0.0271847 -0.238772 -0.670969 
-0.21 -0.0739453 0.0314011 0.112546 0.168798 0.193976 0.178187 0.108914 -0.0292431 -0.257943 -0.712797 
-0.16 -0.0206003 0.0860247 0.166093 0.219128 0.239222 0.216562 0.138297 -0.0120689 -0.258046 -0.734625 
-0.09 0.0525282 0.160375 0.239433 0.289344 0.304401 0.27481 0.187327 0.0244177 -0.238874 -0.736454 
0 0.145473 0.254482 0.332575 0.379435 0.389487 0.352897 0.255991 0.0802926 -0.20028 -0.718282 
