0 0.0999 0.1984 0.2919 0.3744 0.4375 0.4704 0.4599 0.3904 0.2439 0 
-0.09 0.00938291 0.10626 0.196914 0.275218 0.332628 0.358188 0.338525 0.257846 0.0979397 -0.161828 
-0.16 -0.0611342 0.0341194 0.121928 0.196035 0.247756 0.265976 0.237149 0.145292 -0.0280206 -0.303656 
-0.21 -0.111651 -0.0180208 0.0669424 0.136853 0.182884 0.193764 0.155774 0.0527377 -0.133981 -0.425485 
-0.24 -0.142168 -0.0501611 0.0319565 0.0976701 0.138011 0.141552 0.0943989 -0.0198164 -0.219941 -0.527313 
-0.25 -0.152685 -0.0623014 0.0169706 0.0784877 0.113139 0.109341 0.0530236 -0.0723705 -0.285902 -0.609141 
-0.24 -0.143203 -0.0544417 0.0219847 0.0793052 0.108267 0.0971287 0.0316484 -0.104925 -0.331862 -0.670969 
-0.21 -0.11372 -0.0265819 0.0469988 0.100123 0.123395 0.104917 0.0302731 -0.117479 -0.357822 -0.712797 
-0.16 -0.0642367 0.0212778 0.092013 0.14094 0.158523 0.132705 0.0488978 -0.110033 -0.363782 -0.734625 
-0.09 0.00524617 0.0891375 0.157027 0.201758 0.213651 0.180493 0.0875226 -0.0825868 -0.349743 -0.736454 
0 0.0947291 0.176997 0.242041 0.282575 0.288779 0.248281 0.146147 -0.0351409 -0.315703 -0.718282 
